{
 "cells": [
  {
   "cell_type": "code",
   "execution_count": 1,
   "metadata": {},
   "outputs": [],
   "source": [
    "NUM_PATTERN = 10\n",
    "root_dir = 'lab5_pattern'"
   ]
  },
  {
   "cell_type": "markdown",
   "metadata": {},
   "source": [
    "### Pastebin"
   ]
  },
  {
   "cell_type": "code",
   "execution_count": 2,
   "metadata": {},
   "outputs": [],
   "source": [
    "import os\n",
    "import numpy as np\n",
    "np.random.seed(4242)\n",
    "# # generate an integer between 0 ~ 255\n",
    "# number = np.random.randint(0, 256)\n",
    "# # generate a shape of 3x3 with random integer between 0 ~ 255\n",
    "# vector = np.random.randint(0, 256, (3, 3))\n",
    "# # generate a number between 0~2\n",
    "# idx = np.random.randint(0, 3)\n",
    "# # generate a number between 0~6\n",
    "# number_of_action = np.random.randint(0, 6)"
   ]
  },
  {
   "cell_type": "code",
   "execution_count": 3,
   "metadata": {},
   "outputs": [],
   "source": [
    "if root_dir not in os.listdir():\n",
    "        os.mkdir(root_dir)\n",
    "\n",
    "image_file_path = os.path.join(root_dir, 'image.txt')\n",
    "template_file_path = os.path.join(root_dir, 'template.txt')\n",
    "image_size_file_path = os.path.join(root_dir, 'image_size.txt')\n",
    "action_file_path = os.path.join(root_dir, 'action.txt')\n",
    "output_file_path = os.path.join(root_dir, 'output.txt')\n",
    "\n",
    "\n",
    "if os.path.exists(image_file_path):\n",
    "    os.remove(image_file_path)\n",
    "if os.path.exists(template_file_path):\n",
    "    os.remove(template_file_path)\n",
    "if os.path.exists(image_size_file_path):\n",
    "    os.remove(image_size_file_path)\n",
    "if os.path.exists(action_file_path):\n",
    "    os.remove(action_file_path)\n",
    "if os.path.exists(output_file_path):\n",
    "    os.remove(output_file_path)"
   ]
  },
  {
   "cell_type": "code",
   "execution_count": 4,
   "metadata": {},
   "outputs": [],
   "source": [
    "def grayscale_maximum(image_size, image_R, image_G, image_B):\n",
    "    '''\n",
    "    find the maximum of the RGB components of each pixel\n",
    "    '''\n",
    "    gray_image = np.zeros((image_size, image_size),dtype=int)\n",
    "    for i in range(image_size):\n",
    "        for j in range(image_size):\n",
    "            gray_image[i][j] = max(image_R[i][j], image_G[i][j], image_B[i][j])\n",
    "    return gray_image\n",
    "\n",
    "def grayscale_average(image_size, image_R, image_G, image_B):\n",
    "    '''\n",
    "    find the maximum of the RGB components of each pixel\n",
    "    '''\n",
    "    gray_image = np.zeros((image_size, image_size),dtype=int)\n",
    "    for i in range(image_size):\n",
    "        for j in range(image_size):\n",
    "            gray_image[i][j] = (image_R[i][j] + image_G[i][j] + image_B[i][j]) // 3\n",
    "    return gray_image\n",
    "\n",
    "def grayscale_weighted_average(image_size, image_R, image_G, image_B):\n",
    "    '''\n",
    "    find the maximum of the RGB components of each pixel\n",
    "    '''\n",
    "    gray_image = np.zeros((image_size, image_size),dtype=int)\n",
    "    for i in range(image_size):\n",
    "        for j in range(image_size):\n",
    "            gray_image[i][j] = image_R[i][j] // 4 + image_G[i][j] // 2 + image_B[i][j] // 4\n",
    "    return gray_image\n",
    "\n",
    "def max_pooling(image_size, gray_image):\n",
    "    if image_size == 4:\n",
    "        return image_size, gray_image\n",
    "    else:\n",
    "        new_image_size = image_size // 2\n",
    "        new_gray_image = np.zeros((new_image_size, new_image_size),dtype=int)\n",
    "        for i in range(new_image_size):\n",
    "            for j in range(new_image_size):\n",
    "                new_gray_image[i][j] = max(gray_image[2*i][2*j], gray_image[2*i+1][2*j], gray_image[2*i][2*j+1], gray_image[2*i+1][2*j+1])\n",
    "        return new_image_size, new_gray_image\n",
    "    \n",
    "    \n",
    "def negative(image_size, gray_image):\n",
    "    new_gray_image = np.zeros((image_size, image_size),dtype=int)\n",
    "    for i in range(image_size):\n",
    "        for j in range(image_size):\n",
    "            new_gray_image[i][j] = 255 - gray_image[i][j]\n",
    "    return new_gray_image\n",
    "\n",
    "def horizontal_flip(image_size, gray_image):\n",
    "    new_gray_image = np.zeros((image_size, image_size),dtype=int)\n",
    "    for i in range(image_size):\n",
    "        for j in range(image_size):\n",
    "            new_gray_image[i][j] = gray_image[i][image_size-1-j]\n",
    "    return new_gray_image\n",
    "        \n",
    "            \n",
    "def image_filter(image_size, gray_image):\n",
    "    '''\n",
    "    use a median filter with 3*3 mask\n",
    "    '''\n",
    "    new_gray_image = np.zeros((image_size, image_size),dtype=int)\n",
    "    # apply replication padding\n",
    "    padded_gray_image = np.pad(gray_image, ((1,1),(1,1)), 'edge')\n",
    "    for i in range(image_size):\n",
    "        for j in range(image_size):\n",
    "            new_gray_image[i][j] = np.median(padded_gray_image[i:i+3, j:j+3])\n",
    "    return padded_gray_image, new_gray_image\n",
    "\n",
    "def cross_correlation(image_size, gray_image, template):\n",
    "    '''\n",
    "    1. apply zero padding to the image\n",
    "    2. do convolution on the image with the 3*3 template\n",
    "    '''\n",
    "    new_gray_image = np.zeros((image_size, image_size),dtype=int)\n",
    "    padded_gray_image = np.pad(gray_image, ((1,1),(1,1)), 'constant')\n",
    "    for i in range(image_size):\n",
    "        for j in range(image_size):\n",
    "            new_gray_image[i][j] = np.sum(padded_gray_image[i:i+3, j:j+3] * template)\n",
    "    \n",
    "    return padded_gray_image, new_gray_image\n",
    "    "
   ]
  },
  {
   "cell_type": "code",
   "execution_count": 5,
   "metadata": {},
   "outputs": [],
   "source": [
    "# open the files with write mode\n",
    "image_file = open(image_file_path, 'w')\n",
    "template_file = open(template_file_path, 'w')\n",
    "image_size_file = open(image_size_file_path, 'w')\n",
    "action_file = open(action_file_path, 'w')\n",
    "image_size_list = []\n",
    "\n",
    "for pat in range(NUM_PATTERN):\n",
    "    # write the pattern number\n",
    "    image_file.write(f'{pat}\\n\\n')\n",
    "    template_file.write(f'{pat}\\n\\n')\n",
    "    image_size_file.write(f'{pat}\\n\\n')\n",
    "    action_file.write(f'{pat}\\n\\n')\n",
    "    \n",
    "    image_size = np.random.choice([16])\n",
    "    image_size_list.append(image_size)\n",
    "    # write image size\n",
    "    if (image_size == 4):\n",
    "        image_size_file.write('0\\n\\n')\n",
    "    elif (image_size == 8):\n",
    "        image_size_file.write('1\\n\\n')\n",
    "    else:\n",
    "        image_size_file.write('2\\n\\n')\n",
    "    \n",
    "    # generate image for 3 channels\n",
    "    image_R = np.random.randint(0, 256, (image_size, image_size))\n",
    "    image_G = np.random.randint(0, 256, (image_size, image_size))\n",
    "    image_B = np.random.randint(0, 256, (image_size, image_size))\n",
    "    # write image\n",
    "    for i in range(image_size):\n",
    "        for j in range(image_size):\n",
    "            image_file.write(f'{image_R[i][j]}\\n')\n",
    "            image_file.write(f'{image_G[i][j]}\\n')\n",
    "            image_file.write(f'{image_B[i][j]}\\n')\n",
    "    image_file.write('\\n')\n",
    "    \n",
    "    # generate template\n",
    "    template = np.random.randint(0, 256, (3, 3))\n",
    "    for i in range(3):\n",
    "        for j in range(3):\n",
    "            template_file.write(f'{template[i][j]}\\n')\n",
    "    template_file.write('\\n')\n",
    "    \n",
    "    # generate action\n",
    "    action_list_set = []\n",
    "    action_list = []\n",
    "    for set in range(8):\n",
    "        action_file.write(f'{set}\\n')\n",
    "        number_of_action = np.random.randint(2, 9)\n",
    "        action_list = [0] * number_of_action\n",
    "        action_list[0] = np.random.randint(0, 3) # grayscale action\n",
    "        action_list[-1] = 7\n",
    "        action_file.write(f'{len(action_list)}\\n')\n",
    "        for i in range(1, number_of_action-1):\n",
    "            action_list[i] = np.random.randint(3, 7) # action 3~6\n",
    "        for i in range(number_of_action):\n",
    "            action_file.write(f'{action_list[i]}\\n')\n",
    "        action_file.write('\\n')\n",
    "        action_list_set.append(action_list)\n",
    "    action_file.write('\\n')\n",
    "\n",
    "image_file.close()\n",
    "template_file.close()\n",
    "image_size_file.close()\n",
    "action_file.close()\n"
   ]
  },
  {
   "cell_type": "code",
   "execution_count": 6,
   "metadata": {},
   "outputs": [
    {
     "name": "stdout",
     "output_type": "stream",
     "text": [
      "Image_R:\n",
      " [[209 138 111 118 217 251  78  80 161  14   6   8 248  28 223  19]\n",
      " [172 244 103 106  79 194 229  38 180 248 230  95 145   1 207 120]\n",
      " [241 210  92  33 253 220 110  63  48  12 227 244 135 241  59  79]\n",
      " [ 77 119 177  74 153 201 115 107   7  13  97  54 163  38 188  42]\n",
      " [160  95 190 142  45 135 182 153 156 218 184 151  44 108  97 224]\n",
      " [184 135  72  19  24  74 164 163 139 240 233   3 207  26 148  79]\n",
      " [ 25 141 251  86  88 192 122 202  75   2  65  96  27  87 173 141]\n",
      " [162   6 230 193  43 127 117 149 151 192 186  36 102  51 132  94]\n",
      " [178  25 127 155  55 138 167 190 213 119 144 110 188  46  12 186]\n",
      " [ 14 141 206 179  23  65 101  28  75  35 133 143 151 193 153  65]\n",
      " [207  17 137 216 223 180 171  62  25 143  69 104 146 230  71  40]\n",
      " [ 97 224 238 215 230 154  13 235 165  97  74 176 156 211 114 127]\n",
      " [178  59 215 122 252 107 134 117 200 159  74 118 116  55 140  41]\n",
      " [165 155  15  97 238  62  83  70 235 161 208   7 232   2 129  19]\n",
      " [ 78   9   2 232 195 132 115 136 133  41  26  97  19 165  79 193]\n",
      " [120  83 139   1   9 220 241  91 206 176 172 183  73 216  38  79]]\n"
     ]
    }
   ],
   "source": [
    "print('Image_R:\\n', image_R)"
   ]
  },
  {
   "cell_type": "code",
   "execution_count": 7,
   "metadata": {},
   "outputs": [
    {
     "name": "stdout",
     "output_type": "stream",
     "text": [
      "Template:\n",
      " [[110  80  81]\n",
      " [ 66  11 131]\n",
      " [106  25 255]]\n"
     ]
    }
   ],
   "source": [
    "print('Template:\\n', template)"
   ]
  },
  {
   "cell_type": "code",
   "execution_count": 8,
   "metadata": {},
   "outputs": [
    {
     "name": "stdout",
     "output_type": "stream",
     "text": [
      "Pattern 0 for action file\n",
      "Pattern 0 for image size file\n",
      "Pattern 0 for image file\n",
      "Pattern 0 for template file\n",
      "Set: 0\n",
      "==================================================\n",
      "Converting RGB to grayscale\n",
      "action: 2\n",
      "gray_scale_image:\n",
      " [[173 139  77  99 119  67 139 137 118  81  42 128 128 124 122  90]\n",
      " [159 134 149 228 184  76 203  92 178  95 121 169 168 100 113 185]\n",
      " [ 71 129  66  63  76 135 125  72 100  80 133 133 203  90 129 123]\n",
      " [117 133  81  51 158  59 170  50 158 163 100 198 116 187 161  56]\n",
      " [164 152 131 117  80 189 151  99 180  69 110  99 179 101 129  90]\n",
      " [ 75 111 112 107 151  47 173 164 233 169  99  98 134 177 198  92]\n",
      " [120 115 117 106  78 181 133 154 164 166 156 116 146 122 189 185]\n",
      " [ 89 162 142 129 113 138   8 166 220  47  83  92 158 168  43  36]\n",
      " [221 149 107 140 138 141 143 131 107 100  88 177 177  80 125 146]\n",
      " [112 106 214  96 153 142 126  93  70 121 135 191  48 152 114 145]\n",
      " [ 76 142 136 148 123  55 154 121 127  83 125 149 156  50 104 210]\n",
      " [139 124 163 109  95 175 177  43  52 213  93 160 129 180 191 148]\n",
      " [117 162 118 158  49  74 141 192 152 101 116  29 170 190 180  30]\n",
      " [113  80 141 155 191  99 153 156 132 136 128 111 118 210 104  92]\n",
      " [155  89 107 178 110 115 135 167  73  73 175 156 120 150 132 136]\n",
      " [134 209 209 155  81 171  57 141  89 167 155 100  55 112 154 118]]\n",
      "image_size =  16\n",
      "==================================================\n",
      "action: 6\n",
      "original_gray_scale_image:\n",
      " [[173 139  77  99 119  67 139 137 118  81  42 128 128 124 122  90]\n",
      " [159 134 149 228 184  76 203  92 178  95 121 169 168 100 113 185]\n",
      " [ 71 129  66  63  76 135 125  72 100  80 133 133 203  90 129 123]\n",
      " [117 133  81  51 158  59 170  50 158 163 100 198 116 187 161  56]\n",
      " [164 152 131 117  80 189 151  99 180  69 110  99 179 101 129  90]\n",
      " [ 75 111 112 107 151  47 173 164 233 169  99  98 134 177 198  92]\n",
      " [120 115 117 106  78 181 133 154 164 166 156 116 146 122 189 185]\n",
      " [ 89 162 142 129 113 138   8 166 220  47  83  92 158 168  43  36]\n",
      " [221 149 107 140 138 141 143 131 107 100  88 177 177  80 125 146]\n",
      " [112 106 214  96 153 142 126  93  70 121 135 191  48 152 114 145]\n",
      " [ 76 142 136 148 123  55 154 121 127  83 125 149 156  50 104 210]\n",
      " [139 124 163 109  95 175 177  43  52 213  93 160 129 180 191 148]\n",
      " [117 162 118 158  49  74 141 192 152 101 116  29 170 190 180  30]\n",
      " [113  80 141 155 191  99 153 156 132 136 128 111 118 210 104  92]\n",
      " [155  89 107 178 110 115 135 167  73  73 175 156 120 150 132 136]\n",
      " [134 209 209 155  81 171  57 141  89 167 155 100  55 112 154 118]]\n",
      "new_gray_scale_image:\n",
      " [[159 139 134 119  99 119 137 137 118  95  95 128 128 124 122 113]\n",
      " [139 134 129  99  99 125 125 125  95 100 121 133 128 124 122 123]\n",
      " [129 129 129  81  76 135  92 125  95 121 133 133 168 129 123 123]\n",
      " [129 129 117  80  80 135 125 125  99 110 110 133 133 129 123 123]\n",
      " [117 117 112 112 107 151 151 164 163 158 100 110 134 161 129  92]\n",
      " [120 117 115 112 107 151 154 164 164 164 110 116 122 146 129 129]\n",
      " [111 115 115 113 113 133 154 164 166 164  99 116 134 158 168  92]\n",
      " [120 120 129 117 138 138 141 143 154 107 100 146 146 146 125 146]\n",
      " [112 142 140 138 138 138 138 126 107 100 100 135 158 125 125 125]\n",
      " [112 136 140 138 140 141 131 126 107 107 125 149 152 114 125 145]\n",
      " [112 136 136 136 123 142 126 121  93 121 135 135 152 129 148 148]\n",
      " [124 136 142 123 109 123 141 141 121 116 116 129 156 170 180 148]\n",
      " [117 124 141 141 109 141 153 152 136 128 116 118 160 180 180 104]\n",
      " [117 117 141 141 115 115 141 152 136 128 116 120 150 150 136 104]\n",
      " [134 134 155 155 155 115 141 135 136 132 136 120 118 120 132 118]\n",
      " [134 155 178 155 155 110 141  89 141 155 155 120 112 120 132 132]]\n",
      "image_size =  16\n",
      "==================================================\n",
      "action: 7\n",
      "original_gray_scale_image:\n",
      " [[159 139 134 119  99 119 137 137 118  95  95 128 128 124 122 113]\n",
      " [139 134 129  99  99 125 125 125  95 100 121 133 128 124 122 123]\n",
      " [129 129 129  81  76 135  92 125  95 121 133 133 168 129 123 123]\n",
      " [129 129 117  80  80 135 125 125  99 110 110 133 133 129 123 123]\n",
      " [117 117 112 112 107 151 151 164 163 158 100 110 134 161 129  92]\n",
      " [120 117 115 112 107 151 154 164 164 164 110 116 122 146 129 129]\n",
      " [111 115 115 113 113 133 154 164 166 164  99 116 134 158 168  92]\n",
      " [120 120 129 117 138 138 141 143 154 107 100 146 146 146 125 146]\n",
      " [112 142 140 138 138 138 138 126 107 100 100 135 158 125 125 125]\n",
      " [112 136 140 138 140 141 131 126 107 107 125 149 152 114 125 145]\n",
      " [112 136 136 136 123 142 126 121  93 121 135 135 152 129 148 148]\n",
      " [124 136 142 123 109 123 141 141 121 116 116 129 156 170 180 148]\n",
      " [117 124 141 141 109 141 153 152 136 128 116 118 160 180 180 104]\n",
      " [117 117 141 141 115 115 141 152 136 128 116 120 150 150 136 104]\n",
      " [134 134 155 155 155 115 141 135 136 132 136 120 118 120 132 118]\n",
      " [134 155 178 155 155 110 141  89 141 155 155 120 112 120 132 132]]\n",
      "new_gray_scale_image:\n",
      " [[ 75917 110713 100363  91848  87508  93874 103468  97145  90376  84256\n",
      "   91246 101581 104117 101302  99463  67284]\n",
      " [111102 146479 132039 115630 111405 117632 138387 125134 125092 118616\n",
      "  130549 150672 147761 147570 136224  98263]\n",
      " [104737 140939 127300 105248 107674 125615 135663 128589 118763 118037\n",
      "  133611 141909 149041 141716 136898 100585]\n",
      " [ 98121 133467 127996 108825 117432 141760 148751 154166 147715 140542\n",
      "  138348 135802 154688 148491 139173  97758]\n",
      " [ 96315 131987 125730 114593 124203 148066 162704 165504 162495 149769\n",
      "  136480 131002 143814 147458 144325  98652]\n",
      " [ 91965 126583 125434 124132 129084 152390 166510 177785 180420 161729\n",
      "  135276 126205 146484 165001 146972 101223]\n",
      " [ 93563 131863 130032 133729 134700 154031 161419 169487 162525 152579\n",
      "  129267 134406 151908 157222 154886 103230]\n",
      " [ 96464 136268 143538 141843 144471 150708 154390 152562 146049 131509\n",
      "  121770 140327 152163 158513 149073  98997]\n",
      " [ 97166 140572 148950 147867 152235 151452 149515 140853 134581 121431\n",
      "  128609 153085 155970 149289 140499 109798]\n",
      " [ 95800 144004 151544 148262 150645 146644 145902 130277 123258 121219\n",
      "  134280 154219 156820 149913 146935 113755]\n",
      " [ 97264 146576 148810 143861 139703 143597 145277 140765 129384 127409\n",
      "  137018 151857 163273 163660 165454 127297]\n",
      " [ 95506 143673 148963 142798 140506 145467 154420 151202 138359 135403\n",
      "  136598 146779 165397 177528 170689 123920]\n",
      " [ 95272 141184 148346 143370 133191 139607 153046 156952 148277 136825\n",
      "  132402 141744 160765 173874 164608 108084]\n",
      " [ 98921 146520 156953 161341 142925 149591 150266 157438 149211 144748\n",
      "  136188 137262 148376 157162 151172  97188]\n",
      " [106252 156388 168205 171228 148759 144443 135234 149344 143279 154493\n",
      "  147373 140169 138528 141374 141948  99692]\n",
      " [ 60491  74644  82683  80946  76855  63358  68376  63740  69544  72989\n",
      "   72426  63462  60312  62402  66812  55284]]\n",
      "image_size =  16\n",
      "Set: 1\n",
      "==================================================\n",
      "Converting RGB to grayscale\n",
      "action: 1\n",
      "gray_scale_image:\n",
      " [[166 161  90 102 118  89 169 148 133  78  49 131 130 113 130 100]\n",
      " [157 131 156 223 166  84 191  78 182 118 129 154 160  96 123 193]\n",
      " [ 93 142  53  71  96 115 107  82 125  98 124 136 202 113 124 107]\n",
      " [ 84 166  55  48 153  68 154  46 153 174  96 204 114 182 158  74]\n",
      " [151 156 114 132  99 177 131 113 164  74 142 126 181 133 134 107]\n",
      " [ 84 111  99 116 142  53 160 189 231 149  88 106 100 158 203  82]\n",
      " [112 112 115  94  99 164 113 159 135 157 164 100 149 119 176 173]\n",
      " [ 65 145 158 118  94 128  12 154 217  62 109  76 168 145  54  33]\n",
      " [216 138 138 165 127 134 162 124 119 112 102 165 179  80 142 147]\n",
      " [128 102 206 119 125 124 122  91  74 149 121 175  60 120 131 161]\n",
      " [ 73 120 112 157 117  62 142 139 111  72 103 180 153  67 114 220]\n",
      " [149 145 169  87  92 152 173  56  51 203 113 178 109 160 188 153]\n",
      " [128 165 100 138  55  63 109 179 150 119  93  38 148 184 169  37]\n",
      " [ 88  89 123 163 188 101 171 134 135 135 146 122 126 208 104 108]\n",
      " [174  99 122 154 127 121 120 154  83  93 182 144  95 135 124 112]\n",
      " [130 197 217 182  87 176  60 124  88 152 165  84  44 110 163 121]]\n",
      "image_size =  16\n",
      "==================================================\n",
      "action: 3\n",
      "original_gray_scale_image:\n",
      " [[166 161  90 102 118  89 169 148 133  78  49 131 130 113 130 100]\n",
      " [157 131 156 223 166  84 191  78 182 118 129 154 160  96 123 193]\n",
      " [ 93 142  53  71  96 115 107  82 125  98 124 136 202 113 124 107]\n",
      " [ 84 166  55  48 153  68 154  46 153 174  96 204 114 182 158  74]\n",
      " [151 156 114 132  99 177 131 113 164  74 142 126 181 133 134 107]\n",
      " [ 84 111  99 116 142  53 160 189 231 149  88 106 100 158 203  82]\n",
      " [112 112 115  94  99 164 113 159 135 157 164 100 149 119 176 173]\n",
      " [ 65 145 158 118  94 128  12 154 217  62 109  76 168 145  54  33]\n",
      " [216 138 138 165 127 134 162 124 119 112 102 165 179  80 142 147]\n",
      " [128 102 206 119 125 124 122  91  74 149 121 175  60 120 131 161]\n",
      " [ 73 120 112 157 117  62 142 139 111  72 103 180 153  67 114 220]\n",
      " [149 145 169  87  92 152 173  56  51 203 113 178 109 160 188 153]\n",
      " [128 165 100 138  55  63 109 179 150 119  93  38 148 184 169  37]\n",
      " [ 88  89 123 163 188 101 171 134 135 135 146 122 126 208 104 108]\n",
      " [174  99 122 154 127 121 120 154  83  93 182 144  95 135 124 112]\n",
      " [130 197 217 182  87 176  60 124  88 152 165  84  44 110 163 121]]\n",
      "new_gray_scale_image:\n",
      " [[166 223 166 191 182 154 160 193]\n",
      " [166  71 153 154 174 204 202 158]\n",
      " [156 132 177 189 231 142 181 203]\n",
      " [145 158 164 159 217 164 168 176]\n",
      " [216 206 134 162 149 175 179 161]\n",
      " [149 169 152 173 203 180 160 220]\n",
      " [165 163 188 179 150 146 208 169]\n",
      " [197 217 176 154 152 182 135 163]]\n",
      "image_size =  8\n",
      "==================================================\n",
      "action: 5\n",
      "original_gray_scale_image:\n",
      " [[166 223 166 191 182 154 160 193]\n",
      " [166  71 153 154 174 204 202 158]\n",
      " [156 132 177 189 231 142 181 203]\n",
      " [145 158 164 159 217 164 168 176]\n",
      " [216 206 134 162 149 175 179 161]\n",
      " [149 169 152 173 203 180 160 220]\n",
      " [165 163 188 179 150 146 208 169]\n",
      " [197 217 176 154 152 182 135 163]]\n",
      "new_gray_scale_image:\n",
      " [[193 160 154 182 191 166 223 166]\n",
      " [158 202 204 174 154 153  71 166]\n",
      " [203 181 142 231 189 177 132 156]\n",
      " [176 168 164 217 159 164 158 145]\n",
      " [161 179 175 149 162 134 206 216]\n",
      " [220 160 180 203 173 152 169 149]\n",
      " [169 208 146 150 179 188 163 165]\n",
      " [163 135 182 152 154 176 217 197]]\n",
      "image_size =  8\n",
      "==================================================\n",
      "action: 3\n",
      "original_gray_scale_image:\n",
      " [[193 160 154 182 191 166 223 166]\n",
      " [158 202 204 174 154 153  71 166]\n",
      " [203 181 142 231 189 177 132 156]\n",
      " [176 168 164 217 159 164 158 145]\n",
      " [161 179 175 149 162 134 206 216]\n",
      " [220 160 180 203 173 152 169 149]\n",
      " [169 208 146 150 179 188 163 165]\n",
      " [163 135 182 152 154 176 217 197]]\n",
      "new_gray_scale_image:\n",
      " [[202 204 191 223]\n",
      " [203 231 189 158]\n",
      " [220 203 173 216]\n",
      " [208 182 188 217]]\n",
      "image_size =  4\n",
      "==================================================\n",
      "action: 3\n",
      "original_gray_scale_image:\n",
      " [[202 204 191 223]\n",
      " [203 231 189 158]\n",
      " [220 203 173 216]\n",
      " [208 182 188 217]]\n",
      "new_gray_scale_image:\n",
      " [[202 204 191 223]\n",
      " [203 231 189 158]\n",
      " [220 203 173 216]\n",
      " [208 182 188 217]]\n",
      "image_size =  4\n",
      "==================================================\n",
      "action: 7\n",
      "original_gray_scale_image:\n",
      " [[202 204 191 223]\n",
      " [203 231 189 158]\n",
      " [220 203 173 216]\n",
      " [208 182 188 217]]\n",
      "new_gray_scale_image:\n",
      " [[113976 165370 159224 106731]\n",
      " [164277 224505 217341 157882]\n",
      " [160603 224060 211789 154377]\n",
      " [ 94070 100852  95856  93409]]\n",
      "image_size =  4\n",
      "Set: 2\n",
      "==================================================\n",
      "Converting RGB to grayscale\n",
      "action: 1\n",
      "gray_scale_image:\n",
      " [[166 161  90 102 118  89 169 148 133  78  49 131 130 113 130 100]\n",
      " [157 131 156 223 166  84 191  78 182 118 129 154 160  96 123 193]\n",
      " [ 93 142  53  71  96 115 107  82 125  98 124 136 202 113 124 107]\n",
      " [ 84 166  55  48 153  68 154  46 153 174  96 204 114 182 158  74]\n",
      " [151 156 114 132  99 177 131 113 164  74 142 126 181 133 134 107]\n",
      " [ 84 111  99 116 142  53 160 189 231 149  88 106 100 158 203  82]\n",
      " [112 112 115  94  99 164 113 159 135 157 164 100 149 119 176 173]\n",
      " [ 65 145 158 118  94 128  12 154 217  62 109  76 168 145  54  33]\n",
      " [216 138 138 165 127 134 162 124 119 112 102 165 179  80 142 147]\n",
      " [128 102 206 119 125 124 122  91  74 149 121 175  60 120 131 161]\n",
      " [ 73 120 112 157 117  62 142 139 111  72 103 180 153  67 114 220]\n",
      " [149 145 169  87  92 152 173  56  51 203 113 178 109 160 188 153]\n",
      " [128 165 100 138  55  63 109 179 150 119  93  38 148 184 169  37]\n",
      " [ 88  89 123 163 188 101 171 134 135 135 146 122 126 208 104 108]\n",
      " [174  99 122 154 127 121 120 154  83  93 182 144  95 135 124 112]\n",
      " [130 197 217 182  87 176  60 124  88 152 165  84  44 110 163 121]]\n",
      "image_size =  16\n",
      "==================================================\n",
      "action: 5\n",
      "original_gray_scale_image:\n",
      " [[166 161  90 102 118  89 169 148 133  78  49 131 130 113 130 100]\n",
      " [157 131 156 223 166  84 191  78 182 118 129 154 160  96 123 193]\n",
      " [ 93 142  53  71  96 115 107  82 125  98 124 136 202 113 124 107]\n",
      " [ 84 166  55  48 153  68 154  46 153 174  96 204 114 182 158  74]\n",
      " [151 156 114 132  99 177 131 113 164  74 142 126 181 133 134 107]\n",
      " [ 84 111  99 116 142  53 160 189 231 149  88 106 100 158 203  82]\n",
      " [112 112 115  94  99 164 113 159 135 157 164 100 149 119 176 173]\n",
      " [ 65 145 158 118  94 128  12 154 217  62 109  76 168 145  54  33]\n",
      " [216 138 138 165 127 134 162 124 119 112 102 165 179  80 142 147]\n",
      " [128 102 206 119 125 124 122  91  74 149 121 175  60 120 131 161]\n",
      " [ 73 120 112 157 117  62 142 139 111  72 103 180 153  67 114 220]\n",
      " [149 145 169  87  92 152 173  56  51 203 113 178 109 160 188 153]\n",
      " [128 165 100 138  55  63 109 179 150 119  93  38 148 184 169  37]\n",
      " [ 88  89 123 163 188 101 171 134 135 135 146 122 126 208 104 108]\n",
      " [174  99 122 154 127 121 120 154  83  93 182 144  95 135 124 112]\n",
      " [130 197 217 182  87 176  60 124  88 152 165  84  44 110 163 121]]\n",
      "new_gray_scale_image:\n",
      " [[100 130 113 130 131  49  78 133 148 169  89 118 102  90 161 166]\n",
      " [193 123  96 160 154 129 118 182  78 191  84 166 223 156 131 157]\n",
      " [107 124 113 202 136 124  98 125  82 107 115  96  71  53 142  93]\n",
      " [ 74 158 182 114 204  96 174 153  46 154  68 153  48  55 166  84]\n",
      " [107 134 133 181 126 142  74 164 113 131 177  99 132 114 156 151]\n",
      " [ 82 203 158 100 106  88 149 231 189 160  53 142 116  99 111  84]\n",
      " [173 176 119 149 100 164 157 135 159 113 164  99  94 115 112 112]\n",
      " [ 33  54 145 168  76 109  62 217 154  12 128  94 118 158 145  65]\n",
      " [147 142  80 179 165 102 112 119 124 162 134 127 165 138 138 216]\n",
      " [161 131 120  60 175 121 149  74  91 122 124 125 119 206 102 128]\n",
      " [220 114  67 153 180 103  72 111 139 142  62 117 157 112 120  73]\n",
      " [153 188 160 109 178 113 203  51  56 173 152  92  87 169 145 149]\n",
      " [ 37 169 184 148  38  93 119 150 179 109  63  55 138 100 165 128]\n",
      " [108 104 208 126 122 146 135 135 134 171 101 188 163 123  89  88]\n",
      " [112 124 135  95 144 182  93  83 154 120 121 127 154 122  99 174]\n",
      " [121 163 110  44  84 165 152  88 124  60 176  87 182 217 197 130]]\n",
      "image_size =  16\n",
      "==================================================\n",
      "action: 5\n",
      "original_gray_scale_image:\n",
      " [[100 130 113 130 131  49  78 133 148 169  89 118 102  90 161 166]\n",
      " [193 123  96 160 154 129 118 182  78 191  84 166 223 156 131 157]\n",
      " [107 124 113 202 136 124  98 125  82 107 115  96  71  53 142  93]\n",
      " [ 74 158 182 114 204  96 174 153  46 154  68 153  48  55 166  84]\n",
      " [107 134 133 181 126 142  74 164 113 131 177  99 132 114 156 151]\n",
      " [ 82 203 158 100 106  88 149 231 189 160  53 142 116  99 111  84]\n",
      " [173 176 119 149 100 164 157 135 159 113 164  99  94 115 112 112]\n",
      " [ 33  54 145 168  76 109  62 217 154  12 128  94 118 158 145  65]\n",
      " [147 142  80 179 165 102 112 119 124 162 134 127 165 138 138 216]\n",
      " [161 131 120  60 175 121 149  74  91 122 124 125 119 206 102 128]\n",
      " [220 114  67 153 180 103  72 111 139 142  62 117 157 112 120  73]\n",
      " [153 188 160 109 178 113 203  51  56 173 152  92  87 169 145 149]\n",
      " [ 37 169 184 148  38  93 119 150 179 109  63  55 138 100 165 128]\n",
      " [108 104 208 126 122 146 135 135 134 171 101 188 163 123  89  88]\n",
      " [112 124 135  95 144 182  93  83 154 120 121 127 154 122  99 174]\n",
      " [121 163 110  44  84 165 152  88 124  60 176  87 182 217 197 130]]\n",
      "new_gray_scale_image:\n",
      " [[166 161  90 102 118  89 169 148 133  78  49 131 130 113 130 100]\n",
      " [157 131 156 223 166  84 191  78 182 118 129 154 160  96 123 193]\n",
      " [ 93 142  53  71  96 115 107  82 125  98 124 136 202 113 124 107]\n",
      " [ 84 166  55  48 153  68 154  46 153 174  96 204 114 182 158  74]\n",
      " [151 156 114 132  99 177 131 113 164  74 142 126 181 133 134 107]\n",
      " [ 84 111  99 116 142  53 160 189 231 149  88 106 100 158 203  82]\n",
      " [112 112 115  94  99 164 113 159 135 157 164 100 149 119 176 173]\n",
      " [ 65 145 158 118  94 128  12 154 217  62 109  76 168 145  54  33]\n",
      " [216 138 138 165 127 134 162 124 119 112 102 165 179  80 142 147]\n",
      " [128 102 206 119 125 124 122  91  74 149 121 175  60 120 131 161]\n",
      " [ 73 120 112 157 117  62 142 139 111  72 103 180 153  67 114 220]\n",
      " [149 145 169  87  92 152 173  56  51 203 113 178 109 160 188 153]\n",
      " [128 165 100 138  55  63 109 179 150 119  93  38 148 184 169  37]\n",
      " [ 88  89 123 163 188 101 171 134 135 135 146 122 126 208 104 108]\n",
      " [174  99 122 154 127 121 120 154  83  93 182 144  95 135 124 112]\n",
      " [130 197 217 182  87 176  60 124  88 152 165  84  44 110 163 121]]\n",
      "image_size =  16\n",
      "==================================================\n",
      "action: 6\n",
      "original_gray_scale_image:\n",
      " [[166 161  90 102 118  89 169 148 133  78  49 131 130 113 130 100]\n",
      " [157 131 156 223 166  84 191  78 182 118 129 154 160  96 123 193]\n",
      " [ 93 142  53  71  96 115 107  82 125  98 124 136 202 113 124 107]\n",
      " [ 84 166  55  48 153  68 154  46 153 174  96 204 114 182 158  74]\n",
      " [151 156 114 132  99 177 131 113 164  74 142 126 181 133 134 107]\n",
      " [ 84 111  99 116 142  53 160 189 231 149  88 106 100 158 203  82]\n",
      " [112 112 115  94  99 164 113 159 135 157 164 100 149 119 176 173]\n",
      " [ 65 145 158 118  94 128  12 154 217  62 109  76 168 145  54  33]\n",
      " [216 138 138 165 127 134 162 124 119 112 102 165 179  80 142 147]\n",
      " [128 102 206 119 125 124 122  91  74 149 121 175  60 120 131 161]\n",
      " [ 73 120 112 157 117  62 142 139 111  72 103 180 153  67 114 220]\n",
      " [149 145 169  87  92 152 173  56  51 203 113 178 109 160 188 153]\n",
      " [128 165 100 138  55  63 109 179 150 119  93  38 148 184 169  37]\n",
      " [ 88  89 123 163 188 101 171 134 135 135 146 122 126 208 104 108]\n",
      " [174  99 122 154 127 121 120 154  83  93 182 144  95 135 124 112]\n",
      " [130 197 217 182  87 176  60 124  88 152 165  84  44 110 163 121]]\n",
      "new_gray_scale_image:\n",
      " [[161 157 131 118 102 118 148 148 133 118 118 130 130 130 113 123]\n",
      " [157 142 131 102 102 115 107 133 118 124 124 131 131 124 113 123]\n",
      " [131 131 131  96  96 115  84 125 118 125 129 136 154 124 123 123]\n",
      " [142 114 114  96  99 115 113 125 113 125 126 136 136 134 124 107]\n",
      " [111 111 114 114 116 142 131 154 153 149 126 114 133 158 134 107]\n",
      " [112 112 114 114 116 131 159 159 157 149 126 126 126 149 134 134]\n",
      " [111 112 115 115 116 113 154 159 157 149 106 106 119 149 145  82]\n",
      " [112 138 138 118 127 127 134 135 135 119 109 149 145 145 142 147]\n",
      " [128 138 138 127 125 125 124 122 119 112 112 121 145 131 131 142]\n",
      " [128 128 138 127 125 125 124 122 112 111 121 153 153 120 131 147]\n",
      " [128 128 120 119 119 124 124 111  91 111 149 121 153 120 153 161]\n",
      " [128 128 138 112  92 109 139 139 119 111 113 113 153 153 160 153]\n",
      " [128 128 138 123 101 109 134 135 135 135 122 122 148 160 160 108]\n",
      " [128 122 123 127 127 120 121 135 135 135 122 126 135 135 124 108]\n",
      " [130 123 154 154 154 121 124 124 134 135 144 126 122 124 121 112]\n",
      " [130 174 182 154 154 120 124  88 124 152 152  95  95 110 121 121]]\n",
      "image_size =  16\n",
      "==================================================\n",
      "action: 7\n",
      "original_gray_scale_image:\n",
      " [[161 157 131 118 102 118 148 148 133 118 118 130 130 130 113 123]\n",
      " [157 142 131 102 102 115 107 133 118 124 124 131 131 124 113 123]\n",
      " [131 131 131  96  96 115  84 125 118 125 129 136 154 124 123 123]\n",
      " [142 114 114  96  99 115 113 125 113 125 126 136 136 134 124 107]\n",
      " [111 111 114 114 116 142 131 154 153 149 126 114 133 158 134 107]\n",
      " [112 112 114 114 116 131 159 159 157 149 126 126 126 149 134 134]\n",
      " [111 112 115 115 116 113 154 159 157 149 106 106 119 149 145  82]\n",
      " [112 138 138 118 127 127 134 135 135 119 109 149 145 145 142 147]\n",
      " [128 138 138 127 125 125 124 122 119 112 112 121 145 131 131 142]\n",
      " [128 128 138 127 125 125 124 122 112 111 121 153 153 120 131 147]\n",
      " [128 128 120 119 119 124 124 111  91 111 149 121 153 120 153 161]\n",
      " [128 128 138 112  92 109 139 139 119 111 113 113 153 153 160 153]\n",
      " [128 128 138 123 101 109 134 135 135 135 122 122 148 160 160 108]\n",
      " [128 122 123 127 127 120 121 135 135 135 122 126 135 135 124 108]\n",
      " [130 123 154 154 154 121 124 124 134 135 144 126 122 124 121 112]\n",
      " [130 174 182 154 154 120 124  88 124 152 152  95  95 110 121 121]]\n",
      "new_gray_scale_image:\n",
      " [[ 81107 119056 103448  93219  86882  89858 102287 101474 104051  98534\n",
      "  101288 103982 104675 100702  97587  66213]\n",
      " [115750 153705 136492 122794 114291 116091 132690 132714 138213 134739\n",
      "  138908 148346 146544 144457 132185  99904]\n",
      " [108111 144184 128462 114637 113029 119701 123137 131330 133565 134398\n",
      "  141035 146162 149747 141818 132599  98353]\n",
      " [ 97810 130478 127858 118540 124201 131641 136786 146520 150078 147245\n",
      "  143000 143653 152366 148231 141855  98751]\n",
      " [ 95535 125018 124338 121432 126886 142358 150620 161939 158637 153088\n",
      "  144942 139885 148198 150860 147846  99278]\n",
      " [ 88418 123594 125217 126455 128154 145613 155254 171228 170152 155688\n",
      "  138466 127244 141065 155626 142149  98887]\n",
      " [ 94132 132505 135397 134816 132275 141543 155521 160426 156185 146260\n",
      "  137484 137854 150620 158508 154492 106276]\n",
      " [ 97322 141029 142074 137744 135449 136087 145999 147559 144020 136371\n",
      "  126094 136721 144254 154808 151515 100676]\n",
      " [ 98586 147014 146167 140661 138500 138176 139020 136385 133035 127525\n",
      "  133999 151767 155929 152465 148861 114917]\n",
      " [101824 142258 141871 136019 135307 135782 133719 126404 122232 126395\n",
      "  133294 153004 149130 152293 151506 121324]\n",
      " [101504 143020 139675 131495 125531 130067 137621 137034 127618 125594\n",
      "  132413 147749 155220 156943 162196 125959]\n",
      " [101504 143182 139930 131006 122951 128069 138388 141287 134019 134575\n",
      "  141081 140926 158222 162467 161935 122721]\n",
      " [100244 139780 141609 133478 124716 129469 142198 145791 144335 138732\n",
      "  136130 137349 152895 156922 151788 106088]\n",
      " [100484 145423 149898 154029 141785 138880 137861 143683 145890 149339\n",
      "  142366 142029 145407 147522 142136  94157]\n",
      " [111331 157992 167996 168271 153034 142989 127442 134739 138942 151855\n",
      "  144285 134864 125423 129709 131045  94805]\n",
      " [ 59430  74720  83437  80640  77014  64854  62253  59120  66252  72602\n",
      "   72946  60767  57618  60473  61773  51551]]\n",
      "image_size =  16\n",
      "Set: 3\n",
      "==================================================\n",
      "Converting RGB to grayscale\n",
      "action: 2\n",
      "gray_scale_image:\n",
      " [[173 139  77  99 119  67 139 137 118  81  42 128 128 124 122  90]\n",
      " [159 134 149 228 184  76 203  92 178  95 121 169 168 100 113 185]\n",
      " [ 71 129  66  63  76 135 125  72 100  80 133 133 203  90 129 123]\n",
      " [117 133  81  51 158  59 170  50 158 163 100 198 116 187 161  56]\n",
      " [164 152 131 117  80 189 151  99 180  69 110  99 179 101 129  90]\n",
      " [ 75 111 112 107 151  47 173 164 233 169  99  98 134 177 198  92]\n",
      " [120 115 117 106  78 181 133 154 164 166 156 116 146 122 189 185]\n",
      " [ 89 162 142 129 113 138   8 166 220  47  83  92 158 168  43  36]\n",
      " [221 149 107 140 138 141 143 131 107 100  88 177 177  80 125 146]\n",
      " [112 106 214  96 153 142 126  93  70 121 135 191  48 152 114 145]\n",
      " [ 76 142 136 148 123  55 154 121 127  83 125 149 156  50 104 210]\n",
      " [139 124 163 109  95 175 177  43  52 213  93 160 129 180 191 148]\n",
      " [117 162 118 158  49  74 141 192 152 101 116  29 170 190 180  30]\n",
      " [113  80 141 155 191  99 153 156 132 136 128 111 118 210 104  92]\n",
      " [155  89 107 178 110 115 135 167  73  73 175 156 120 150 132 136]\n",
      " [134 209 209 155  81 171  57 141  89 167 155 100  55 112 154 118]]\n",
      "image_size =  16\n",
      "==================================================\n",
      "action: 5\n",
      "original_gray_scale_image:\n",
      " [[173 139  77  99 119  67 139 137 118  81  42 128 128 124 122  90]\n",
      " [159 134 149 228 184  76 203  92 178  95 121 169 168 100 113 185]\n",
      " [ 71 129  66  63  76 135 125  72 100  80 133 133 203  90 129 123]\n",
      " [117 133  81  51 158  59 170  50 158 163 100 198 116 187 161  56]\n",
      " [164 152 131 117  80 189 151  99 180  69 110  99 179 101 129  90]\n",
      " [ 75 111 112 107 151  47 173 164 233 169  99  98 134 177 198  92]\n",
      " [120 115 117 106  78 181 133 154 164 166 156 116 146 122 189 185]\n",
      " [ 89 162 142 129 113 138   8 166 220  47  83  92 158 168  43  36]\n",
      " [221 149 107 140 138 141 143 131 107 100  88 177 177  80 125 146]\n",
